Agent 0:(2.74019,34.3206,0)->(4.46546,32.1681,5.51708)->(7.20616,29.8111,12.7467)->(9.73649,26.9355,20.4075)->(11.6932,24.5727,26.5432)->(14.5508,21.3825,35.109)->(16.8359,17.2248,44.5975)->(17.9682,15.1805,49.2714)->(18.9793,12.7839,54.4738)->(18.9793,12.7839,54.6698)->(20.2278,10.6009,59.6994)->(21.5924,8.00725,65.5607)->(24.0302,5.00713,73.2921)->(25.7017,2.53344,79.2631)->
Agent 1:(8.02641,19.2232,0)->(12.5142,18.0185,9.29337)->(14.5359,17.1859,13.6662)->(14.5359,17.1859,13.788)->(17.8706,16.5392,20.5817)->(20.0287,15.978,25.0413)->(23.191,15.6633,31.3972)->(26.5186,15.0073,38.1806)->(28.9689,14.5925,43.1508)->
Agent 2:(18.314,13.5996,0)->(22.8011,11.626,9.80389)->(26.8505,9.93358,18.5816)->(29.7002,8.88595,24.6539)->
Agent 3:(36.0365,36.2319,0)->(34.9851,31.9007,8.91412)->(33.9871,27.7284,17.4941)->(33.7228,25.694,21.597)->(32.8353,21.2333,30.6932)->(31.5357,16.5091,40.4926)->(30.8678,11.9221,49.7635)->(31.1827,8.05373,57.5258)->(29.5555,4.30065,65.707)->(28.581,2.53589,69.7389)->
Agent 4:(7.19438,36.8475,0)->(3.08342,37.418,8.30069)->
Agent 5:(20.7564,28.5158,0)->(17.5649,31.2594,8.41729)->(13.7232,34.044,17.9069)->(12.0589,34.9277,21.6756)->(8.46219,37.0143,29.9918)->
Agent 6:(22.3938,15.6689,0)->(22.8653,17.8518,4.46649)->(23.431,22.332,13.4981)->(23.3899,24.0366,16.9082)->(23.8215,28.8493,26.5723)->
Agent 7:(32.7883,13.0108,0)->(31.3287,13.9664,3.4891)->(27.9625,16.5571,11.9847)->(24.3148,18.063,19.8773)->(20.2971,19.829,28.6547)->(16.9714,20.9016,35.6434)->(14.9999,21.6513,39.8618)->(10.3968,23.2097,49.5814)->
Agent 8:(34.7419,22.7227,0)->(30.8377,21.2406,8.35207)->(27.474,19.8687,15.6176)->(25.054,18.8606,20.8607)->(22.2498,17.3411,27.2396)->(18.7743,14.6972,35.9732)->(15.1654,11.8279,45.1943)->
Agent 9:(2.97521,27.2312,0)->(3.17379,23.6242,7.22493)->(3.684,19.9926,14.5594)->(4.06033,17.789,19.0305)->(4.06033,17.789,19.0426)->(4.59598,12.832,29.0143)->(4.73652,12.6072,29.5445)->
Agent 10:(32.5888,36.9524,0)->(31.3832,34.2068,5.99733)->(29.1567,30.2807,15.0243)->(27.6948,25.9192,24.2243)->(26.0644,21.262,34.093)->(25.5014,20.2029,36.4918)->(24.5803,15.9496,45.1957)->
Agent 11:(23.7408,6.3835,0)->(21.3567,9.04759,7.15018)->(18.2508,12.7916,16.8794)->(16.4657,14.6952,22.0986)->(13.2462,17.921,31.2137)->(10.527,21.7401,40.5902)->(7.79414,24.1586,47.8888)->(4.79931,27.7198,57.1951)->
Agent 12:(12.0307,29.6279,0)->(15.7805,28.2978,7.95738)->(18.4389,27.318,13.6238)->(22.3275,26.0782,21.7867)->(23.7232,25.5468,24.7735)->(27.4822,23.1689,33.6695)->
Agent 13:(35.1753,7.00543,0)->(32.3253,9.23607,7.23833)->(28.9046,11.8722,15.8756)->(25.2635,15.0013,25.4773)->(23.156,16.8052,31.0256)->(20.2012,17.7307,37.2183)->(18.6215,18.4663,40.7034)->(15.3594,19.1311,47.3618)->
Agent 14:(24.1139,24.4712,0)->(25.6415,28.0995,7.87354)->(26.6114,30.4735,13.0024)->
Agent 15:(37.5152,20.9657,0)->(34.9765,17.5504,8.51095)->(33.4823,15.3705,13.7965)->
Agent 16:(24.9022,36.7483,0)->(22.0836,33.0944,9.22936)->(19.2946,29.0099,19.1211)->(16.6271,25.1758,28.4627)->(14.0318,21.2443,37.8843)->(14.0318,21.2443,37.91)->(11.3405,17.4062,47.2854)->(10.5232,15.6877,51.0912)->(8.33338,12.3731,59.0366)->
Agent 17:(35.1141,15.1192,0)->(33.2217,19.727,9.96242)->(31.9002,24.2794,19.4431)->(30.8744,26.5192,24.3701)->(29.1264,30.5574,33.1707)->(27.2874,34.2542,41.4287)->(25.8531,37.0839,47.7735)->
Agent 18:(17.9228,23.5423,0)->(14.8533,24.6184,6.50529)->
Agent 19:(26.4048,22.5327,0)->(22.5334,23.7424,8.11208)->(20.571,24.2881,12.1859)->(17.4445,27.1116,20.612)->(15.2294,28.1607,25.514)->(13.0319,29.6486,30.8216)->(9.56987,31.6599,38.8293)->(7.30571,33.1595,44.2608)->(4.75709,34.4086,49.9373)->
Agent 20:(11.9054,16.9068,0)->(11.2971,11.944,10)->(11.068,10.0748,13.7663)->
Agent 21:(31.1027,11.0762,0)->(28.5091,11.5873,5.28711)->(23.5984,12.0809,15.1579)->(21.6115,11.5034,19.2962)->
Agent 22:(7.55513,22.6695,0)->(10.5236,24.2103,6.6891)->(14.2305,27.0981,16.0872)->(17.5628,29.455,24.2502)->(19.2801,30.2921,28.0711)->(23.5776,32.4065,37.6502)->(27.5654,34.5449,46.7001)->(30.9364,35.1367,53.5451)->(34.1938,35.762,60.179)->
Agent 23:(15.4235,36.9282,0)->(19.2575,33.7188,10)->(21.4774,30.7256,17.4532)->(22.0586,28.4242,22.2003)->(23.9904,24.9673,30.1204)->(25.5695,22.618,35.7818)->(27.7178,19.3229,43.649)->(30.1223,16.1629,51.5906)->(30.3667,15.6423,52.7408)->(32.9349,11.6413,62.2494)->(34.4394,9.56035,67.3851)->(36.5355,7.06549,73.9022)->
Agent 24:(19.5914,32.8027,0)->(20.7075,28.6841,8.53439)->(21.9511,23.9529,18.3182)->(22.6584,22.2053,22.0888)->(23.7311,18.6122,29.5884)->(24.0634,15.0336,36.7764)->(25.6762,10.9606,45.5379)->(27.6539,7.30317,53.8536)->(28.0249,7.03396,54.7704)->(28.0249,7.03396,68.6238)->(23.895,5.77451,77.2592)->
Agent 25:(28.8285,13.8081,0)->(27.9585,16.7134,6.06557)->(26.7952,21.0478,15.0411)->(25.8401,25.1978,23.5582)->(22.3995,28.6775,33.3451)->(21.722,31.1375,38.4483)->
Agent 26:(11.5214,32.4879,0)->(15.5636,29.6265,9.90481)->(18.3289,27.5815,16.7835)->(18.3289,27.5815,17.9124)->(21.465,27.8047,24.2003)->(21.465,27.8047,24.2743)->(22.2649,26.5797,27.2003)->(24.6977,25.8989,32.2528)->(27.9147,24.3467,39.3967)->(27.9147,24.3467,39.7354)->(32.0742,21.5851,49.7208)->(35.3895,19.3776,57.6869)->
Agent 27:(14.4156,31.1553,0)->(12.5961,33.52,5.96725)->(8.19775,35.5624,15.6662)->(5.85379,36.5932,20.7873)->
Agent 28:(30.6258,19.3328,0)->(28.7844,18.9609,3.75722)->(25.7959,17.9416,10.0724)->(25.7959,17.9416,10.0988)->(22.0877,15.8738,18.5902)->(18.5239,14.609,26.1534)->(14.9997,13.7301,33.4178)->(11.0079,12.3585,41.8594)->(6.82205,10.7793,50.8071)->
Agent 29:(15.0972,8.66912,0)->(16.5033,9.65459,3.43418)->(19.3875,11.5699,10.3587)->(22.9668,13.9756,18.984)->(26.6051,17.2052,28.7138)->(26.6051,17.2052,28.8448)->(29.9688,19.3748,36.8502)->(34.5126,21.425,46.82)->(35.9101,22.4211,50.2523)->
