Agent 0:(36.3671,29.1757,0)->(32.636,25.8472,10)->(28.823,22.6129,20)->(26.1958,20.6412,26.5696)->(23.6188,19.9661,31.8973)->(21.3219,19.0921,36.8125)->(18.3628,15.1971,46.5956)->(17.9328,13.6202,49.8646)->(17.9328,13.6202,50.4349)->(17.161,9.33342,59.1464)->(13.9915,5.93694,68.4375)->(13.9915,5.93694,68.6182)->(11.7088,4.42086,74.0989)->(8.52487,4.33753,80.4689)->
Agent 1:(26.3113,5.48739,0)->(30.6242,2.95781,10)->(30.9027,2.7945,10.6456)->
Agent 2:(3.41203,29.2544,0)->(6.96119,26.4401,9.05909)->(9.04806,23.5684,16.1588)->(9.42807,21.8204,19.7365)->(11.1055,18.3483,27.4487)->(12.7036,14.7723,35.2824)->(14.8284,12.286,41.8235)->(14.9604,8.54248,49.3151)->(14.9604,8.54248,49.3558)->(15.6318,3.79044,58.9542)->(16.2258,2.21479,62.3221)->
Agent 3:(30.3495,24.0826,0)->(27.5278,26.196,7.05087)->(25.1126,28.2098,13.3402)->
Agent 4:(7.03359,28.8851,0)->(11.085,29.7655,8.29202)->(14.8834,30.8933,16.2165)->(18.5139,31.7932,23.6971)->
Agent 5:(18.3776,13.6094,0)->(19.8762,17.3257,8.01415)->(20.9191,20.2235,14.1737)->(20.9191,20.2235,36.6653)->(21.383,19.5431,38.3125)->(20.3562,17.2678,43.3049)->
Agent 6:(22.891,25.5292,0)->(25.9099,23.9801,6.78628)->(27.5991,21.4282,12.907)->(29.2597,19.0211,18.7557)->(31.6506,15.2594,27.6702)->(33.4693,13.849,32.273)->(37.564,11.8526,41.3839)->
Agent 7:(9.28765,19.4633,0)->(11.6845,18.1095,5.50557)->(15.5004,14.9159,15.4575)->
Agent 8:(34.399,27.3091,0)->(29.6743,26.8329,9.49739)->(24.9656,26.1924,19.0016)->(20.4566,25.2173,28.2279)->(16.055,24.3462,37.2019)->(13.3647,23.2796,42.9899)->(12.5744,22.9762,44.6829)->(8.96613,19.8312,54.2559)->
Agent 9:(8.47305,2.81423,0)->(8.20835,5.75362,5.90258)->(8.00611,7.91522,10.2447)->(7.60229,12.4999,19.4495)->(6.91561,16.5924,27.7489)->(2.6502,17.1306,36.3474)->(2.6502,17.1306,38.1466)->(2.51426,18.2873,40.4759)->(2.36345,21.7008,47.3096)->(2.85453,26.4133,56.7857)->
Agent 10:(25.7765,28.5136,0)->(25.3173,26.5366,4.05933)->(26.7804,21.8436,13.8907)->(25.5014,20.2029,18.0513)->(22.8162,20.3851,23.4341)->(19.4213,17.4202,32.4487)->(19.4213,17.4202,33.3906)->(20.212,19.6728,38.1653)->(20.212,19.6728,40.1921)->(20.6614,19.3383,41.3125)->
Agent 11:(26.5185,21.5362,0)->(27.5229,25.571,8.31582)->(26.2833,28.56,14.7877)->(23.6162,31.816,23.2054)->(23.653,35.7807,31.1352)->(26.0439,37.955,37.5987)->
Agent 12:(30.6007,21.2543,0)->(31.9875,22.8559,4.23705)->(34.1695,25.9276,11.7727)->(35.9708,29.2039,19.2502)->(36.9234,31.2874,23.8323)->
Agent 13:(8.13922,10.6903,0)->(8.01786,14.0147,6.65338)->(9.30504,15.241,10.2089)->(10.2715,15.358,12.156)->(12.6134,14.6364,17.057)->(16.9577,13.2648,26.1684)->(21.6128,12.3406,35.6604)->(21.6128,12.3406,35.9368)->(25.3056,12.5307,43.3321)->(28.1768,12.4524,49.0767)->
Agent 14:(15.7817,30.5742,0)->(19.4696,29.8834,7.50397)->(24.1638,29.2997,16.9648)->(24.1638,29.2997,19.9072)->(23.2364,31.2384,24.2054)->
Agent 15:(29.3064,14.8693,0)->(30.8854,19.6134,10)->(31.0561,20.9113,12.618)->(32.7524,25.2226,21.8841)->
Agent 16:(28.0363,27.5954,0)->(26.8037,27.6066,2.46529)->(23.1566,26.5051,10.0849)->(20.7103,25.9749,15.0912)->(17.0558,25.2483,22.5432)->(13.4111,24.3891,30.0323)->(10.2074,23.6118,36.6257)->
Agent 17:(18.9884,7.46204,0)->(15.9821,6.19334,6.52617)->(12.6626,4.56451,13.9213)->(12.6626,4.56451,54.7831)->(14.9977,4.51457,59.4542)->
Agent 18:(13.8557,14.473,0)->(18.4489,13.1791,9.54391)->(21.0823,12.8731,14.8462)->(21.0823,12.8731,14.8944)->(24.1626,12.3758,21.1348)->(27.3729,12.84,27.622)->(29.9433,15.273,34.7006)->(27.1007,18.1071,42.7287)->(27.3023,22.7816,52.0864)->
Agent 19:(21.7281,13.2246,0)->(18.2366,15.4857,8.31937)->(16.5303,16.1353,11.9709)->(13.4501,16.6791,18.2266)->(9.99873,16.3098,25.1687)->(7.98915,16.337,29.1882)->
Agent 20:(17.6948,31.2434,0)->(21.2966,28.6935,8.82606)->(22.0231,27.9237,10.9429)->(22.0231,27.9237,13.4503)->(25.432,27.0242,20.5016)->(29.5447,25.3875,29.3543)->(33.7446,23.39,38.6558)->
Agent 21:(19.5856,16.4714,0)->(18.0032,17.3284,3.59907)->(14.5664,19.9499,12.244)->(12.3109,21.0798,17.2894)->
Agent 22:(2.48558,32.2435,0)->(3.42446,34.1576,4.26387)->
Agent 23:(8.4772,21.9754,0)->(9.59179,22.9813,3.00276)->(12.9436,26.211,12.312)->(12.9436,26.211,14.6726)->(17.3786,26.2548,23.5432)->(17.3786,26.2548,24.5432)->(20.8744,26.2779,31.5349)->(25.2162,26.3402,40.2194)->(28.9759,27.0305,47.8645)->(32.1704,27.5508,54.3377)->(36.977,28.1163,64.0171)->
Agent 24:(8.964,32.0923,0)->(8.964,32.0923,0.152805)->(8.40436,29.992,4.5)->(9.8389,25.5862,13.767)->(12.1736,23.7043,19.7644)->(14.1729,20.558,27.22)->(17.764,17.0789,37.22)->(21.3578,13.7312,47.0429)->(25.2469,12.3802,55.2771)->(27.8648,9.31881,63.3333)->(31.0559,5.95335,72.6089)->(32.3915,4.54825,76.4861)->
Agent 25:(34.7264,10.2208,0)->(34.3339,10.0856,0.830198)->(29.6456,8.73007,10.5909)->(26.6693,5.84359,18.8831)->(25.5394,5.87696,21.1438)->(21.0255,5.84969,30.1719)->(18.0709,8.48105,38.0848)->
Agent 26:(6.40444,14.3053,0)->(6.82828,12.2242,4.24753)->(9.50353,8.19726,13.9167)->(12.8053,5.58755,22.334)->(14.4799,5.5086,25.6868)->(19.0729,5.3901,34.8759)->(19.0729,5.3901,59.4659)->(15.6139,6.35194,66.6464)->(15.6139,6.35194,67.6366)->(12.5868,5.22174,74.0989)->
Agent 27:(35.6224,36.9127,0)->(36.0686,32.1759,9.51558)->(36.4624,30.5626,12.8369)->(36.8277,27.0065,19.9866)->(36.8277,27.0065,20.1199)->(34.6627,25.1991,25.7603)->(32.3109,23.7288,31.3075)->(30.4233,20.4643,38.8495)->(30.4204,17.6966,44.3849)->(30.014,13.9397,51.9425)->(28.9257,10.3093,59.5226)->(28.8098,5.6511,68.8417)->(28.8098,5.6511,68.972)->(27.4282,3.16473,74.6609)->
Agent 28:(7.26469,20.1595,0)->(9.53644,21.4812,5.25653)->(13.3695,24.0308,14.4636)->(13.3695,24.0308,14.5195)->(16.9298,24.1865,21.647)->(21.1244,24.1852,30.0361)->(23.2062,24.1572,34.2)->(27.5215,24.2679,42.8336)->(27.5215,24.2679,44.86)->(30.5033,27.2994,53.3645)->
Agent 29:(10.01,30.0215,0)->(9.78366,31.4061,2.80588)->(9.78366,31.4061,3.93963)->(9.17062,29.7348,7.5)->(9.05814,25.4807,16.0111)->(8.8962,21.6878,23.604)->(6.75735,18.5803,31.1487)->
Agent 30:(35.9095,25.2348,0)->(31.4312,25.145,8.95842)->(30.4705,25.1635,10.8801)->(25.669,25.3253,20.4886)->(25.669,25.3253,42.7664)->(28.5306,26.967,49.3645)->
Agent 31:(16.8848,2.24501,0)->(17.3007,4.38038,4.35101)->(15.5586,8.62928,13.5354)->(15.0936,9.93351,16.3047)->(15.1244,11.7371,19.9123)->(15.1244,11.7371,20.1306)->(13.2621,14.449,26.7102)->(13.2342,16.7847,31.382)->(13.2342,16.7847,32.2214)->(12.4056,16.5414,33.9487)->(11.3788,16.6515,36.0141)->
Agent 32:(20.6298,25.549,0)->(19.5167,25.3861,2.24988)->(15.0733,24.433,11.3388)->(15.0733,24.433,11.376)->(14.7358,20.8208,18.632)->(14.7358,20.8208,19.2716)->(16.1421,18.1444,25.3183)->(16.8119,15.1728,31.4107)->(18.1531,13.5124,35.6794)->(18.1531,13.5124,42.59)->(22.9685,12.2563,52.5429)->
Agent 33:(17.6726,17.2168,0)->(17.6709,14.4232,5.58724)->(20.338,13.442,11.271)->(24.726,13.3665,20.0482)->(28.7544,12.6649,28.2264)->(33.245,14.3143,37.7942)->
Agent 34:(9.83202,6.03166,0)->(11.7297,6.04208,3.79547)->(11.7297,6.04208,4.79547)->(15.8226,6.71484,13.091)->(18.7334,6.92261,18.9274)->(22.0251,7.32094,25.5588)->(22.0251,7.32094,27.1611)->(22.8068,6.35666,29.6438)->(26.3741,5.42961,37.0153)->(31.061,4.67636,46.5094)->(33.8087,3.49708,52.4895)->(37.9587,2.36132,61.0948)->
Agent 35:(25.9375,11.7496,0)->(22.4607,14.1469,8.44642)->(18.7059,15.9856,16.8081)->(14.9717,17.7026,25.0282)->(11.8546,19.9133,32.6711)->(11.8546,19.9133,33.1231)->(9.80538,22.6393,39.9437)->(8.64565,22.7742,42.2788)->(7.93117,25.1486,47.238)->(7.17918,26.4849,50.3047)->
Agent 36:(13.0246,20.9409,0)->(13.0246,20.9409,2.1096)->(11.0454,24.9228,11.0028)->(11.0454,24.9228,12.6465)->(13.0666,25.9408,17.1726)->(13.0666,25.9408,17.3542)->(15.7102,26.2282,22.6726)->(15.7102,26.2282,23.4466)->(20.2539,26.2913,32.5349)->(22.2686,24.5736,37.83)->(25.8726,24.7097,45.0432)->(29.3385,21.8932,53.9752)->
Agent 37:(15.2713,11.3139,0)->(13.6199,14.6125,7.37781)->(12.4177,16.3222,11.558)->(12.5026,18.2271,15.3714)->(10.2601,22.3895,24.8276)->(10.0693,23.081,26.2622)->(8.94392,27.4491,35.2838)->(10.0195,31.3298,43.3377)->(12.9711,30.3888,49.5337)->
Agent 38:(35.8022,12.4864,0)->(31.5625,15.1369,10)->(31.2316,16.9594,13.7046)->(30.182,21.3374,22.7086)->(27.7949,25.3566,32.0579)->(25.8457,29.6971,41.5741)->(25.8457,29.6971,41.7371)->(22.5861,28.4616,48.709)->(17.967,30.1845,58.5688)->(16.4816,31.9197,63.1371)->
Agent 39:(29.9095,2.05525,0)->(30.1017,3.71201,3.33576)->(31.0925,8.48874,13.0926)->(32.9629,11.953,20.9665)->(35.4659,13.5319,26.8851)->(37.6574,15.0031,32.1643)->
Agent 40:(11.0274,23.5458,0)->(10.8171,21.3961,4.31977)->(12.193,20.742,7.3667)->(12.193,20.742,10.0917)->(13.1222,23.5565,16.0195)->(13.1222,23.5565,17.9991)->(14.9046,25.9368,23.9466)->(14.9046,25.9368,35.9856)->(16.288,24.6962,39.7019)->
Agent 41:(19.0316,4.66261,0)->(18.2758,8.69205,8.19945)->(17.8458,11.7206,14.3172)->(16.1931,15.9141,23.3321)->(14.5997,17.9473,28.4984)->(14.5997,17.9473,30.2533)->(14.8728,18.8919,32.22)->(14.8728,18.8919,34.8737)->(14.3662,22.9182,42.9899)->(12.3988,25.1908,49.0017)->
Agent 42:(28.0248,11.8567,0)->(27.8921,6.8608,9.99533)->(26.3174,6.50945,13.2222)->(23.808,6.17544,18.2853)->(23.808,6.17544,21.2853)->(19.514,6.39014,29.8839)->(18.9687,3.3833,35.9956)->(18.9687,3.3833,58.0221)->(19.0126,4.6044,60.4659)->
Agent 43:(31.7674,12.2899,0)->(30.9231,11.694,2.06694)->(27.9102,8.9786,10.1789)->(27.9102,8.9786,16.8103)->(25.1597,11.7608,24.6348)->(21.9449,13.0251,31.5436)->(21.9449,13.0251,31.5784)->(20.9506,15.6674,37.2249)->(20.9506,15.6674,44.383)->(17.8457,14.6226,50.9349)->
Agent 44:(25.7612,25.9451,0)->(21.4188,27.3766,9.14437)->(20.3486,27.6927,11.3762)->(19.496,29.3139,15.0396)->(19.496,29.3139,15.1333)->(17.505,30.0299,19.3651)->(13.0445,30.1574,28.2898)->(8.64053,30.3878,37.1097)->(4.38217,29.4246,45.8416)->(3.12807,29.1733,48.3997)->
Agent 45:(16.1607,8.46353,0)->(18.5467,11.998,8.52883)->(18.5467,11.998,12.1348)->(21.6608,12.3107,18.3944)->(24.563,13.0187,24.369)->(24.563,13.0187,24.5614)->(27.1278,12.8706,29.6995)->(29.1001,14.0178,34.263)->(29.1001,14.0178,35.263)->(29.3883,17.388,42.0279)->(29.3883,17.388,42.9233)->(29.3299,20.1825,48.5135)->(29.3299,20.1825,48.9223)->(30.5195,22.8091,54.6892)->(30.677,24.8458,58.7747)->(33.0299,27.8969,66.4807)->(33.5272,26.9611,68.6)->(34.3825,28.3009,71.779)->(34.4437,32.6156,80.4092)->(34.7859,37.0157,89.236)->(35.7528,38.4409,92.6804)->(35.7528,38.4409,101.677)->(32.5522,38.974,108.166)->(29.8213,38.623,113.673)->(29.8662,34.9699,120.98)->
Agent 46:(5.81538,9.87211,0)->(6.0704,9.7189,0.595004)->(9.76676,6.75498,10.0708)->(13.7363,6.74023,18.0099)->(14.7869,7.15453,20.2686)->(15.7486,11.273,28.7271)->(15.9888,11.8051,29.8946)->(15.9888,11.8051,43.9973)->(15.2599,11.2552,45.8235)->
Agent 47:(29.9768,37.4695,0)->(29.9943,32.4695,10)->(29.534,28.9143,17.1699)->(32.2909,26.8502,24.0578)->(35.8641,25.1828,31.944)->(37.1395,20.4406,41.7654)->(37.1221,16.9729,48.7009)->(35.3181,14.9692,54.0932)->
Agent 48:(29.0396,19.3714,0)->(30.7668,24.0636,10)->(30.7668,24.0636,11.5395)->(29.1691,25.8816,16.3801)->(25.5425,29.3236,26.3801)->(22.0597,29.6006,33.3676)->(17.1946,30.1572,43.1612)->(13.5066,31.5127,51.0196)->(9.91343,32.4601,58.4516)->(8.96338,36.6173,66.9804)->
Agent 49:(12.7984,31.3574,0)->(16.0173,30.7838,6.53931)->(20.1398,30.2549,14.8519)->(21.3141,28.7739,18.632)->(23.8094,26.5686,25.2924)->(27.4612,27.4787,32.8194)->(32.1905,26.5367,42.4638)->(36.1525,25.5313,50.6389)->
Agent 50:(8.85038,7.90716,0)->(8.85038,7.90716,0.423614)->(12.3989,6.20436,8.29547)->(12.3989,6.20436,8.38315)->(14.3018,6.65795,12.2955)->(14.5473,10.0793,19.1557)->(14.5473,10.0793,19.2656)->(14.7182,12.2551,23.6306)->(18.4731,14.0788,31.9793)->(21.5656,14.3935,38.1962)->(22.065,15.5243,40.6685)->(22.065,15.5243,46.0707)->(21.5656,14.3935,48.5429)->(21.5656,14.3935,49.1651)->(25.367,12.371,57.7771)->
Agent 51:(37.7589,32.3788,0)->(34.6135,28.4921,10)->(33.5961,27.2785,13.1673)->(28.606,26.947,23.1695)->(24.9759,30.0956,32.7802)->(22.8624,27.9797,38.7614)->(21.3323,25.8109,44.07)->
Agent 52:(15.087,6.02031,0)->(15.4983,7.09243,2.29661)->(15.4983,7.09243,4.03995)->(17.8994,8.0358,9.19945)->(17.8994,8.0358,9.40854)->(19.688,9.13905,13.6116)->(19.688,9.13905,23.3609)->(22.3926,7.09282,30.1438)->(22.3926,7.09282,30.7886)->(20.4511,7.07064,34.6719)->
Agent 53:(32.3883,27.3594,0)->(29.2708,23.8696,9.35894)->(27.2491,21.2845,15.9225)->(27.2491,21.2845,16.2529)->(26.5485,20.8604,17.8907)->(24.4436,19.119,23.3545)->(24.4436,19.119,33.5234)->(21.5612,20.3759,39.8125)->(21.5612,20.3759,45.886)->(16.564,20.5428,55.886)->(16.5616,15.7175,65.5366)->(16.5065,12.9503,71.0721)->
Agent 54:(9.07955,25.0062,0)->(13.9882,25.9575,10)->(15.2823,25.1512,13.0493)->(19.4551,24.2935,21.5695)->(21.2912,24.1321,25.2557)->(25.3321,27.0899,35.2714)->(26.3662,26.4659,37.6869)->(28.4139,26.3484,41.7891)->(28.4139,26.3484,41.8806)->(33.3375,26.3145,51.7279)->(33.3375,26.3145,52.4402)->(35.0893,25.8061,56.0884)->(35.0893,25.8061,68.2705)->(35.1579,30.0598,76.779)->
Agent 55:(31.1937,10.2628,0)->(31.1937,10.2628,14.3103)->(26.2677,11.1201,24.3103)->(26.2677,11.1201,25.0784)->(22.148,13.9534,35.0784)->(18.9474,11.2618,43.4422)->(16.3727,8.20618,51.4337)->(14.0677,6.9316,56.7014)->(10.3116,6.30276,64.3182)->(7.30246,6.02764,70.3616)->
Agent 56:(26.0931,37.7294,0)->(24.4688,36.7985,3.74416)->(22.9143,32.3909,13.0916)->(22.2744,30.2065,17.6441)->(19.9304,28.1454,23.8867)->(19.9304,28.1454,30.8636)->(19.7925,26.8169,33.5349)->(18.8674,26.1146,35.8577)->(18.8674,26.1146,36.9466)->(15.9774,25.9217,42.7393)->(15.2247,25.346,44.6347)->(13.9859,22.3095,51.1936)->(13.9859,22.3095,53.166)->(16.1461,18.8131,61.386)->(17.4887,17.7159,64.8538)->
Agent 57:(37.7597,35.4197,0)->(37.3305,32.9119,5.08858)->(37.0279,29.7611,11.4192)->(37.0279,29.7611,11.4434)->(35.8371,25.2642,20.7471)->(35.8371,25.2642,20.8043)->(35.2068,22.8844,25.7279)->(35.2068,22.8844,29.1073)->(31.8586,22.7702,35.8075)->(31.8586,22.7702,36.1596)->(30.8253,19.8528,42.3495)->(29.7679,15.7021,50.9161)->
Agent 58:(12.2601,2.25161,0)->(16.206,5.25906,9.92272)->(17.7632,7.17801,14.8653)->(19.3788,11.9006,24.8478)->(19.3788,11.9006,28.8377)->(21.3807,12.5991,33.0784)->(25.3475,12.6846,41.0137)->(25.3475,12.6846,41.0561)->(28.1666,10.2993,48.4418)->(30.9658,10.6378,54.0811)->
Agent 59:(21.5974,29.572,0)->(24.6643,29.129,6.19746)->(28.2274,28.716,13.3714)->(28.2274,28.716,17.3877)->(31.8238,27.3844,25.0578)->(31.8238,27.3844,25.1492)->(33.2398,26.4359,28.5578)->(35.355,28.9006,35.0537)->(34.6028,30.4374,38.4758)->(35.3662,34.0938,45.9462)->(38.1308,36.6445,53.4692)->(38.1308,36.6445,77.3862)->(35.3662,34.0938,84.9092)->
